2 0.30249939177636476 0.4684788901680665 0.028408781482423536 0.04534515438236486
4 0.3640339411245897 0.4743806234063955 0.020025394115062066 0.08353195566382535
0 0.4124691269893583 0.29207188982390103 0.0044101209720296035 0.01372420458743598
4 0.5289679398773726 0.474455498157584 0.020353394913663107 0.08386245118815124
0 0.577319798453916 0.2920938619238502 0.0038845128179034994 0.013900735398944028
0 0.682393630911535 0.2920841931957595 0.004323691813900357 0.013583383979830343
1 0.6965916169509032 0.2796199390627791 0.02417460035934818 0.04408782055779396
3 0.4663180331252782 0.6127501093610384 0.024081511619643687 0.0646967434327325
3 0.5159861508407939 0.6125670231556509 0.024628818701908108 0.06481720194703676
0 0.6908427201601849 0.22627568903314213 0.004941511406825189 0.014223161605871148
0 0.5181098056752547 0.430854539109791 0.018293143791401442 0.013792348602269308
0 0.35338748904491574 0.4309166378324544 0.018867589007877703 0.010854938150384252
