0 0.29544819293292623 0.04562866962966844 0.005865808560858157 0.01987530995539326
0 0.4894797604599171 0.04547625709957165 0.005798431030091508 0.019226895588054186
1 0.6395489382359854 0.22292146514224317 0.022410395179130124 0.03345359101783039
1 0.666328332475267 0.2231042716505374 0.022718795112787956 0.03345359101783043
2 0.5334239807299782 0.36737983458365797 0.01909814492519002 0.03733293216307102
2 0.33923777782666037 0.3676494715056272 0.019497376928973104 0.037870549500669155
4 0.4054822197093436 0.4508791070076704 0.011653399559893503 0.05007011860929245
3 0.44136655649236917 0.5701463075758157 0.02018617747578028 0.05766714398006532
3 0.4854303651952878 0.5692322750343449 0.020840359153236197 0.05617145436674947
0 0.4067828776944563 0.42297472004177605 0.008575535731309094 0.005324551121463564
0 0.46663920131388886 0.42306159042352465 0.008089337224548649 0.005361785744690602
