1 0.17345271194715106 0.21692404135072396 0.022603659137555677 0.032241888089612605
1 0.19980317327870453 0.21696124919573123 0.022235121216834682 0.03231630377962711
0 0.33493886149554064 0.057225395698588505 0.005939250069393776 0.019902309626617074
0 0.4832736504867745 0.057316406385884464 0.005788163883417943 0.019652373645259565
0 0.6309169194389156 0.05735711557437986 0.0060670895168915785 0.019473543918553198
2 0.3093256335685082 0.3609337323790616 0.019122532983846148 0.04334723036677196
2 0.45784358096109673 0.3606989847124379 0.019370977512902697 0.044277683706970335
2 0.6054905318429586 0.36042687580704097 0.019170862494800125 0.04368135126647239
4 0.35287477228294917 0.44523536006028613 0.0143161375681203 0.050598512339151636
4 0.5009531212495782 0.44541018344490985 0.013945845978575155 0.049977579157610294
3 0.47432449641715907 0.5792172046897691 0.023377588771069796 0.06323557834381408
3 0.5232367375770955 0.579145756438003 0.02367576945238048 0.06270375978591555
0 0.34663389756525975 0.4179845677135085 0.008313454091087575 0.005354400364876961
0 0.49491166239416606 0.4180303538392797 0.008529845645773046 0.006541825424001276
