1 0.13521984237144974 0.38612146410065046 0.021394731397617276 0.03651775106545812
4 0.23160259340755462 0.40395750324163104 0.02497366259232971 0.07738467497331185
4 0.44666145852691336 0.4040843399157722 0.02476564547247454 0.07713100162502808
0 0.3209845450220692 0.22971965237851613 0.00841090728157511 0.007644635801391921
2 0.3272927254832505 0.2039605534825215 0.01897126864621946 0.035896550719579555
2 0.5214953652632708 0.204368068484393 0.018520987751347202 0.03741284211820278
0 0.5155907384342868 0.22985247690962257 0.00841090728157511 0.00891370577632659
2 0.6314667695906929 0.20432725534071502 0.01799578876590455 0.03682225760605775
0 0.6256075966725586 0.22967851931474426 0.008004369564233744 0.0076164175984860805
0 0.22267387237815978 0.36426285396385766 0.011309564058549078 0.007478946421378826
0 0.43875977763714885 0.3643600842174804 0.011208132990759422 0.006938299692122512
3 0.4142003310075157 0.5371249199649815 0.019137125993704488 0.05156095621432529
3 0.4524296601639536 0.5368854727998995 0.019586354303415862 0.05203985054448932
