0 0.1860397162350015 0.23367247092367094 0.005746724363778614 0.017518713302845497
2 0.23103607201555382 0.21742910895975573 0.018945781048396504 0.03135191574162552
0 0.18612938489275044 0.32931384279569315 0.005042625164070739 0.01759381114404383
2 0.23142576884759272 0.3405894150252553 0.01980028260626251 0.03145400550806679
0 0.3467412381779998 0.23367426768456612 0.005345598850067766 0.01754942479623889
0 0.3467329092693307 0.3294499210636279 0.0053455988500677185 0.017915037812827203
2 0.3917178999060771 0.34071365195917275 0.01907218995391408 0.03132992110114662
2 0.39175330645364725 0.21728051167268275 0.01915431593967518 0.030879491446019484
1 0.41761071199364813 0.072870894306661 0.019882922919415187 0.02696127006575834
1 0.4179258559162056 0.4919267579730869 0.020467313403282006 0.021425856719675535
0 0.4891957842337167 0.23325550192589287 0.005201678881027559 0.018500018639368503
0 0.4892671702800454 0.3297101173279884 0.004862438954003885 0.017896757161997793
2 0.5344944526409148 0.3404121242964245 0.019158177696921116 0.030831357896708086
2 0.534301586379798 0.2173093914585676 0.018957717388974768 0.030794533409530048
0 0.6275443579527489 0.33013199808027627 0.004584204694609766 0.017129458357250927
2 0.6736219593682568 0.21767985722830768 0.016619967111809988 0.030747995472334966
2 0.6726658840033991 0.34147815116824026 0.01930878622951132 0.031423335323406854
