1 0.3157214137190195 0.0866900596790138 0.02415799480319075 0.0338192040344187
0 0.21954453538894156 0.2816456689809094 0.005850747701039729 0.02012621812362449
0 0.21959673704510901 0.3927943611722867 0.006172059255113213 0.020075049772462755
2 0.2722060295481779 0.40656720049282896 0.022513195157016067 0.0371625478734444
2 0.27193487304308644 0.2630935249745933 0.022429086084200293 0.03647644746323842
0 0.42111220182575093 0.39262827451866633 0.005610962959193857 0.02012621812362449
0 0.4212324978766848 0.28124077639497524 0.0061170234775092085 0.02024468769538577
2 0.49501103654763384 0.4064171769276173 0.022243721736397052 0.03699675940037557
2 0.4953362351520804 0.2632705354292925 0.022707132605905306 0.036684279165547784
0 0.6457269083429857 0.3929123581426516 0.0060950106888561255 0.020792412253377145
0 0.6458512963162276 0.2819826268121338 0.006592562581823933 0.021455999878485
2 0.6980942450778512 0.2632952171731626 0.023011775049762772 0.036711231652835
2 0.6981441030671265 0.4065882073050556 0.021793595311814608 0.0372045920141896
1 0.3228069141037863 0.5959055162716322 0.02380785807851136 0.028224593654584344
