0 0.194778048909766 0.18469144425903866 0.0037837158144165416 0.013665018358517236
0 0.3063241616056816 0.18493348432620327 0.004133449374088729 0.013617571068759708
1 0.2088814581377511 0.1752997656763704 0.021343074602749333 0.04834467095116615
1 0.3204994731914581 0.17519565782257562 0.021643884223546666 0.048705452077667404
4 0.5489269729237507 0.3889368228401439 0.0192913838076027 0.08062711173173284
4 0.7442780630779944 0.3893892018928853 0.019182947281296877 0.08009390515171569
3 0.47166521846198733 0.5768663367357266 0.022894022347820755 0.06342030947095104
3 0.5203568952602794 0.5769505911960578 0.023787447610174678 0.06319195915246259
0 0.5600141793153878 0.3468026906984435 0.018867589007877703 0.011972358254100268
0 0.7331189879771479 0.34670204852923886 0.017888271292706964 0.01158924278996906
