1 0.18129063088810304 0.22045373899252577 0.02280710052344981 0.03356675542246825
1 0.20827481603066125 0.22051629517313742 0.022650801156376882 0.033812719687649546
2 0.3222578267010688 0.36330496235425647 0.019946005285632312 0.03984991533627348
2 0.5758143143746657 0.36484347209681794 0.0197807526730976 0.04219052016522734
2 0.6651899833278091 0.36469438898669765 0.020129130064850155 0.04219052016522754
0 0.34804474008926883 0.05804403493443942 0.006440556535199843 0.021156484116044174
0 0.6016496878063645 0.057847611958560065 0.006312634375814719 0.020999998871433948
0 0.6907629046413529 0.05841839465107832 0.006483603177727583 0.021549285917992926
4 0.41674741448064345 0.45244105412058927 0.014214650256804757 0.051403335637775244
4 0.47497325891281156 0.45230504556783885 0.014114037290926007 0.051167351406232034
3 0.48314848417775846 0.5902265517450195 0.02399695952603664 0.06538144574619435
3 0.5326652871997534 0.5901701216781704 0.024273847520567892 0.06461261992794955
0 0.42315406235706887 0.4241303503209697 0.008466560203931793 0.00685117067377129
0 0.4814569521913811 0.42405160147140736 0.008298905546428257 0.006255416702139051
