0 0.15833505332315606 0.2866646565439781 0.005648457864917436 0.01954412695048725
2 0.20664423243100274 0.2694975180063879 0.020810107923380096 0.03433427707518026
0 0.3302244378836384 0.2864297385944532 0.006019452705109975 0.019644532337992526
1 0.3783889533694474 0.26984003173818644 0.02052361752266353 0.033983001492726685
1 0.41352296320070425 0.5748416413471119 0.022187561234827426 0.02873238122399055
0 0.4826964320298402 0.2867147253259492 0.006030620520889273 0.01944610271841685
0 0.48286394926653137 0.38969969788572817 0.0056955860475065775 0.02023982119671958
1 0.44537379910104263 0.10779241504316416 0.0214620052531918 0.028775861390270746
2 0.5311026978280333 0.2693779021390048 0.02074753016872837 0.03279975789858216
0 0.6300131404791454 0.2867157856650039 0.0056216653435121056 0.01833722254531096
0 0.6301051673893027 0.38958109166648003 0.006553015870571572 0.019514979115294366
2 0.678362360924258 0.40136347406137235 0.0206460991009388 0.0334759347279513
2 0.6781722798639547 0.2692886546654968 0.020418492349215712 0.03252869769835565
