2 0.4122309746192887 0.134572440802171 0.02304911081085648 0.05066713459965633
2 0.5652693654470928 0.13205127056719754 0.02306148966909428 0.04801996793731506
1 0.4433735181426165 0.35992738697038446 0.02653777831125748 0.04420331211619117
0 0.3858604893747571 0.10089083384432432 0.012501912480347772 0.012224815030207314
0 0.5391137990751276 0.10126354161963551 0.013089250650565447 0.012075731920082806
4 0.39294290249747327 0.4706252425950943 0.01970626395740417 0.08456600240069814
4 0.5459225053817732 0.46997419360124276 0.019193725369493545 0.08534391791075241
3 0.45322433702368436 0.6039177819390773 0.02334073497899778 0.0635414697364825
3 0.502027691979769 0.6039713769655556 0.024234160241351742 0.06483923750689374
0 0.4040568930909681 0.4257573111548246 0.01788745451396197 0.011899798507105718
0 0.557077070188288 0.4248564897875037 0.018019229192836335 0.011695990909577991
