0 0.4308576492392988 0.13019548899364225 0.01137346987523431 0.010112571801268582
0 0.5780595326690591 0.1300343679253882 0.011353566302952619 0.010850273595220325
2 0.603619737334388 0.1274148977139187 0.022718795112787956 0.04497040104036217
2 0.4563755292477921 0.12743467360237076 0.022959902171091694 0.04420019393219787
1 0.4896915170857969 0.3439137875079986 0.02504581279402363 0.037592919861725915
4 0.44413060460164233 0.4630557158272686 0.017899704999014773 0.07638276768821856
4 0.5917847195971357 0.46366721852057485 0.01909772239985957 0.07543233554966604
3 0.4603009756578627 0.5802054960691195 0.02318139501327461 0.06334245512392478
3 0.51514476386 0.5806012963038326 0.02318139501327452 0.06292753263860834
0 0.4334533907013064 0.42252093101229243 0.01747380667831268 0.011959760980518217
0 0.5808431651868123 0.4231829250712113 0.01725671531028787 0.011022119873362183
