0 0.2752572182984128 0.18274360017291147 0.007035723941037592 0.02599428016441436
0 0.38419926122670134 0.18264438536312366 0.007594114730008833 0.025398991305687305
0 0.49334297696899493 0.18284281498269947 0.006992356937869993 0.026192709783990055
0 0.6030884505034265 0.18254517055333583 0.007147402098831943 0.025200561686111626
0 0.7136008816376891 0.18234674093376013 0.006826155619157746 0.02639113940356571
2 0.21861519762291748 0.5980909802894854 0.025480201013126133 0.05493712608087053
2 0.32743985701788353 0.5984239363888771 0.025740960262667686 0.05570316280728546
2 0.43682893478306356 0.5983038864690264 0.025625553694105435 0.05498286328822566
2 0.5466233392676636 0.5984239363888711 0.025780538254154228 0.056183362486658464
2 0.6568219250360277 0.5983038864690329 0.02473516432157048 0.05546306296759877
1 0.8291488632861378 0.4123036271794269 0.028508214609763084 0.04113282504833416
1 0.8635529094306439 0.4122222679440557 0.028652494616607155 0.041295543519075106
