1 0.2725548641219032 0.09434641747971893 0.03036410741871244 0.03290647152737931
1 0.2811328427660318 0.5930660835113324 0.03036410741871244 0.03290647152737931
0 0.15360242373974584 0.2852170412405708 0.009714460021337152 0.02052273837709493
0 0.15365119105285416 0.39480887113143304 0.009714460021337152 0.02052273837709493
0 0.4026362472713283 0.3944182807906616 0.009714460021337152 0.02052273837709493
0 0.402685996422724 0.28527814388391787 0.009714460021337152 0.02052273837709493
0 0.6803309784270958 0.28546594752898735 0.009714460021337152 0.02052273837709493
0 0.6803363527339499 0.3950729446177672 0.009714460021337152 0.02052273837709493
2 0.2182777173844115 0.2671931370054045 0.027476135862849468 0.03657213672986349
2 0.21823342549484148 0.2490661854329586 0.00021645629315504512 0.0003061995802779973
2 0.21829590676491986 0.40816730419124325 0.027476135862849468 0.03657213672986349
2 0.49430657051637966 0.40824579373868447 0.027476135862849468 0.03657213672986349
2 0.4941043940145258 0.2673996155199337 0.027476135862849468 0.03657213672986349
2 0.7448370512875269 0.2672931822327714 0.027476135862849468 0.03657213672986349
2 0.7449450826300402 0.4080611246154341 0.027476135862849468 0.03657213672986349
