1 0.4298347463132553 0.36231057413638995 0.03325332943648622 0.04492606986625173
0 0.38490257284786267 0.42671334344583634 0.016502694604931256 0.012033376555027902
0 0.5738329064434933 0.4258710070869844 0.016502694604931256 0.012033376555027902
0 0.5488185951038088 0.10848591239613331 0.016018381197405028 0.010295592930078267
0 0.35954881283859935 0.10806269820507086 0.016018381197405028 0.010295592930078267
4 0.3722636072139038 0.4607973488981319 0.015466442928707835 0.03571137294692723
4 0.5612086082988919 0.46071330882055855 0.015466442928707835 0.03571137294692723
3 0.4424100373700384 0.6019523360541801 0.029380820829385628 0.06414738054236181
3 0.5029706530396105 0.6012645544562727 0.029380820829385628 0.06414738054236181
2 0.39149716268458085 0.141105630381651 0.028539453814198118 0.04966406965028306
2 0.5804332816690323 0.1383784211615383 0.028539453814198132 0.04739874287246307
