1 0.09964276178533775 0.22051582026985098 0.029943033509978383 0.03333245305742731
1 0.1333286744840634 0.22063615403540124 0.029943033509978383 0.03333245305742731
0 0.3090895641112533 0.058269133165834444 0.008042550322928065 0.02118795430437457
0 0.6276652442898913 0.058170571993689954 0.008042550322928044 0.020816723036571835
0 0.7397166641003449 0.05814299271756387 0.008042550322928041 0.02070125007152275
0 0.477135275891731 0.4219870765070104 0.01776823675927389 0.008042550322928008
0 0.40375889057638886 0.42198707650700973 0.01669365893158208 0.008042550322928008
4 0.3992225922829791 0.44809229648512156 0.010632453253018528 0.024574684720670325
4 0.47265391451426103 0.4478984977523652 0.010632453253018528 0.024574684720670325
3 0.4788976740872777 0.5901957129090639 0.030824715488877653 0.06666676406819476
3 0.5412320987425637 0.5903895116418202 0.030824715488877653 0.06666676406819476
2 0.27616840277019916 0.36260198005618294 0.02613609848374359 0.040623475912118734
2 0.5949320003079612 0.3639481231074383 0.025965356959684542 0.04062347591211875
2 0.7066197502086573 0.36301177871616247 0.026757896014571726 0.04062347591211861
