0 0.22265910595296504 0.18795649720084662 0.008891169591160333 0.025926456759469193
0 0.357065140639599 0.18799096925308295 0.008891169591160333 0.025926456759469193
0 0.4918194513034964 0.18807947855086599 0.008891169591160333 0.025926456759469193
0 0.62740723606333 0.18793850608459636 0.008891169591160333 0.025926456759469193
0 0.7641923593207435 0.1881902929632772 0.008891169591160333 0.025926456759469193
1 0.906987911637721 0.414193316292728 0.03623107054707388 0.04372483805164601
1 0.9495594195305328 0.4140331520507805 0.03623107054707388 0.04372483805164601
2 0.1525293783349513 0.5954989106806354 0.031249298346851178 0.05589732043965014
2 0.286433983597955 0.5958960121069513 0.031249298346851178 0.05589732043965014
2 0.42158484492539827 0.5958073270028652 0.031249298346851178 0.05589732043965014
2 0.5572227752653806 0.5957928293874386 0.031249298346851178 0.05589732043965014
2 0.6937266162283945 0.5957928293874386 0.031249298346851178 0.05589732043965014
