1 0.25229795952970036 0.4681395566544109 0.03736329150166989 0.04774496052452635
0 0.3124854545393784 0.4308948216365275 0.018227821649198915 0.013686762493688758
0 0.5202993299217512 0.4308948216365278 0.019515372090126777 0.013686762493688769
0 0.5952951401755601 0.2889725456753161 0.013686762493688746 0.012007991625419266
0 0.38817451088973287 0.289638276328194 0.012921002167459577 0.012354903940309789
0 0.7274240481288377 0.28867794333280394 0.013686762493688604 0.012007991625419266
4 0.3255286435656196 0.46761359238285144 0.017013087221578623 0.039381959634636844
4 0.5326894053872185 0.467502981416651 0.017685104166831014 0.03931304120527616
3 0.4579328646088336 0.6134065001158827 0.030223749449134453 0.06896328103686493
3 0.5205756789478478 0.6103111467562978 0.030223749449134453 0.06896328103686493
2 0.7468353306518335 0.27937342895063283 0.031022854155931846 0.0453264804711203
