1 0.48719699198645405 0.3450231440953969 0.03224950233814138 0.04178300678227556
0 0.4145832333472793 0.4223312152070612 0.017815796771593694 0.014300987094971915
0 0.41491655998320587 0.13027967648940797 0.017985927643809883 0.014300987094971941
0 0.5996036110406391 0.13030947019169822 0.01745233536277061 0.014300987094971924
0 0.5999357972389661 0.42312681035119515 0.017815796771594238 0.014300987094971901
4 0.42568925188355394 0.45665951923687986 0.01572009259273865 0.03600386265264354
4 0.6110030440254303 0.45679694141996086 0.01572009259273865 0.03600386265264354
3 0.4505496969583243 0.5799390209180654 0.029026028108735308 0.06464811220423196
3 0.5195472419314081 0.5795866595857811 0.029026028108735308 0.06464811220423196
2 0.4456142370288475 0.1274004407728252 0.03078518132744653 0.046328499736857445
2 0.6309183288947133 0.12798782595412764 0.03078518132744653 0.046328499736857445
