1 0.04198142815467475 0.38644049934280944 0.027585019621067616 0.039749852774223667
0 0.14988342547292965 0.3641049312316151 0.010806755765361773 0.008679219754189978
0 0.27483240839987205 0.2297742322749577 0.011823520420706342 0.008679219754189971
0 0.4213791235142558 0.364484363564495 0.010524589113773459 0.008679219754189949
0 0.5190782360692495 0.2298285380563087 0.011670134209843221 0.00867921975418999
0 0.6573890337586847 0.22969268750919233 0.011590102397888165 0.008679219754189988
4 0.156176578919607 0.39814076153009437 0.020176177410901754 0.04474988920010957
4 0.4279770235323072 0.3980317585102573 0.020176177410901754 0.04474988920010957
3 0.3921278291357816 0.5376140469555644 0.024003084237436464 0.05349485681043879
3 0.44024721970611397 0.5370534721087484 0.024908861001113277 0.05333469256849132
2 0.28327271365405343 0.20382759056668287 0.02613828854951623 0.03741286165290494
2 0.5279488054836826 0.20501049098596222 0.02613828854951623 0.03741286165290494
2 0.6663053422384762 0.20399565543540568 0.02613828854951623 0.03741286165290494
