1 0.09667036476812284 0.22267388364512505 0.028408453042591996 0.034508113946853526
1 0.1299164891621707 0.2222370720761775 0.028408453042591996 0.034508113946853526
0 0.29625386020618444 0.06508569591411698 0.008412934593959434 0.020377582067500753
0 0.4794006070485859 0.06512281798957051 0.008412934593959434 0.020377582067500753
0 0.6617529379360877 0.06524177800864209 0.008412934593959434 0.020377582067500753
4 0.3149298147915728 0.44264583749765907 0.010225747390881244 0.024410305558659154
4 0.4978703116837985 0.4425800518530076 0.010225747390881244 0.024410305558659154
3 0.46874752427757366 0.5775773481644959 0.028726597773635506 0.06393332963686328
3 0.5289143072366866 0.5773126138802852 0.02966231757082268 0.0639333296368633
2 0.2655990556427336 0.3630338702700424 0.025825866402356366 0.045269562600014995
2 0.44832235054260294 0.36276834237669314 0.025825866402356366 0.045269562600014995
2 0.63049263287179 0.36259557169511253 0.025825866402356366 0.045269562600014995
0 0.30938757384096566 0.41939409007764356 0.008398211958420007 0.00709819108684607
0 0.49211341651324253 0.41950282668037353 0.008398211958420007 0.00709819108684607
