1 0.3964128820239374 0.49300739244266956 0.027070373732614842 0.025189467142639962
1 0.39611043474744584 0.0732867654139458 0.027070373732614762 0.02799213185493052
0 0.10566867659697295 0.32995270186062053 0.007553108868264531 0.019889878603351934
0 0.10566867659697295 0.2333663640611179 0.007553108868264531 0.019889878603351934
0 0.3072742524039972 0.23330087945289346 0.007553108868264531 0.019889878603351934
0 0.30732742086710413 0.3301730934175973 0.007553108868264531 0.019889878603351934
0 0.486640347152175 0.23322839444194177 0.007553108868264531 0.019889878603351934
0 0.4867030968301354 0.32978077970088315 0.007553108868264531 0.019889878603351934
0 0.6601987984076649 0.3299223470140709 0.007553108868264531 0.019889878603351934
2 0.1631482679904121 0.34098931662465964 0.025912973501892124 0.03114985120111757
2 0.36477637361941 0.34106141748499214 0.025912973501892124 0.03114985120111757
2 0.5439405256882852 0.3411327724396002 0.025912973501892124 0.03114985120111757
2 0.7177172418455348 0.3414858446497134 0.025912973501892124 0.03114985120111757
2 0.7197968982436541 0.21835021773303925 0.025912973501892124 0.03114985120111757
2 0.5440875050406884 0.2177135246280753 0.025912973501892124 0.03114985120111757
2 0.3646781946084292 0.21779683487765142 0.025912973501892124 0.03114985120111757
2 0.16298147398073773 0.2178271916884565 0.025912973501892124 0.03114985120111757
