0 0.0707403750400277 0.2863706656251037 0.00859355704538408 0.020789318604775307
0 0.28663624289619416 0.2866781972976971 0.00859355704538408 0.020789318604775307
0 0.4784126441762069 0.2864279479153884 0.00859355704538408 0.020789318604775307
0 0.6634472222151601 0.2865766699347295 0.00859355704538408 0.020789318604775307
0 0.6634757829381384 0.3896680880372749 0.00859355704538408 0.020789318604775307
0 0.4783860592022186 0.389673587305285 0.00859355704538408 0.020789318604775307
1 0.431227308025365 0.10734378754672588 0.02728652500576489 0.03187268414753685
1 0.3915403354234344 0.5753174734438895 0.027852635483062917 0.03187268414753683
2 0.13145501953182823 0.2699879045876342 0.025828959690942104 0.033365271357122854
2 0.3473319475386995 0.26992054872145066 0.025828959690942104 0.033365271357122854
2 0.539086183967173 0.2698975751834617 0.025828959690942104 0.033365271357122854
2 0.7240506133915828 0.27001587952826445 0.025828959690942104 0.033365271357122854
2 0.7241150450763455 0.40199556558888916 0.025828959690942104 0.033365271357122854
2 0.5377748301832923 0.4019234480734626 0.023740989895566045 0.03336527135712282
