0 0.7852029971143953 0.3493142072670178 0.017030100308800235 0.011913042789477626
0 0.5776591670998316 0.3489204781250245 0.017030100308800235 0.011913042789477626
4 0.564877132636083 0.3839735250828526 0.01619075965072363 0.03646939789142788
4 0.7976200902121545 0.38399879597464043 0.01619075965072363 0.03646939789142788
3 0.464881816129006 0.5757764664042501 0.02900948224342155 0.06472102479132066
3 0.5255092052697167 0.5753812181179235 0.02965989729731122 0.0647210247913206
0 0.12311920107041206 0.18984921401622984 0.005714049302755751 0.015079410729950555
0 0.26082128874128596 0.18978058176922688 0.005714049302755751 0.015079410729950555
2 0.14220973708674467 0.18133671201568027 0.030775824129474626 0.04921410343475314
2 0.28002411992203124 0.18067711176499068 0.030775824129474626 0.04921410343475314
