1 0.6724309397094379 0.22682765159608606 0.028645190151280267 0.033634490808958487
1 0.7044727927245062 0.22698781583803346 0.028645190151280267 0.033634490808958487
0 0.24733879237815123 0.053359271984211795 0.008436241597476978 0.020414377737870346
0 0.4872109018123139 0.05342546165669305 0.008436241597476975 0.020793963994413345
0 0.45853768545496093 0.42219607024943523 0.01284670698808867 0.008436241597476907
0 0.38476265755699585 0.4223431681031621 0.012491362375175754 0.00843624159747705
4 0.38101523398782583 0.44757667356751285 0.010341949065777565 0.02424592639664798
4 0.45485203252947704 0.4474563398019626 0.010341949065777565 0.02424592639664798
3 0.4273993539942438 0.5683279069410004 0.025264434524044244 0.057050238247387294
3 0.48232610608911036 0.5680631726567898 0.025264434524044244 0.057050238247387294
2 0.3015518807641524 0.3672621571940542 0.024890146605169482 0.0420927511894887
2 0.5414649071842255 0.36743890739255625 0.024890146605169482 0.0420927511894887
